name: metax_py2
channels:
  - conda-forge
  - bioconda
  - defaults
dependencies:
  - _libgcc_mutex=0.1=main
  - boost=1.64.0=py27_4
  - boost-cpp=1.64.0=1
  - bowtie2=2.3.5=py27he860b03_0
  - bracken=1.0.0=1
  - bzip2=1.0.8=h516909a_1
  - ca-certificates=2019.9.11=hecc5488_0
  - certifi=2019.9.11=py27_0
  - gettext=0.19.8.1=hc5be6a0_1002
  - icu=58.2=hf484d3e_1000
  - jellyfish=1.1.12=h6bb024c_1
  - k-slam=1.0=1
  - kraken=1.1.1=pl526h6bb024c_0
  - libblas=3.8.0=12_openblas
  - libcblas=3.8.0=12_openblas
  - libffi=3.2.1=he1b5a44_1006
  - libgcc=7.2.0=h69d50b8_2
  - libgcc-ng=9.1.0=hdf63c60_0
  - libgfortran-ng=7.3.0=hdf63c60_0
  - libiconv=1.15=h516909a_1005
  - libidn2=2.1.1=h14c3975_0
  - liblapack=3.8.0=12_openblas
  - libopenblas=0.3.7=h6e990d7_1
  - libstdcxx-ng=9.1.0=hdf63c60_0
  - libunistring=0.9.10=h14c3975_0
  - lz4-c=1.8.3=he1b5a44_1001
  - metaphlan2=2.2.0=py27_1
  - ncurses=6.1=hf484d3e_1002
  - numpy=1.16.4=py27h95a1406_0
  - openssl=1.1.1c=h516909a_0
  - perl=5.26.2=h516909a_1006
  - perl-apache-test=1.40=pl526_1
  - perl-app-cpanminus=1.7044=pl526_1
  - perl-base=2.23=pl526_1
  - perl-carp=1.38=pl526_3
  - perl-class-load=0.25=pl526_0
  - perl-class-load-xs=0.10=pl526h6bb024c_2
  - perl-class-method-modifiers=2.12=pl526_0
  - perl-constant=1.33=pl526_1
  - perl-data-optlist=0.110=pl526_2
  - perl-devel-globaldestruction=0.14=pl526_0
  - perl-devel-overloadinfo=0.005=pl526_0
  - perl-devel-stacktrace=2.04=pl526_0
  - perl-dist-checkconflicts=0.11=pl526_2
  - perl-eval-closure=0.14=pl526h6bb024c_4
  - perl-exporter=5.72=pl526_1
  - perl-exporter-tiny=1.002001=pl526_0
  - perl-extutils-makemaker=7.36=pl526_1
  - perl-file-path=2.16=pl526_0
  - perl-file-temp=0.2304=pl526_2
  - perl-getopt-long=2.50=pl526_1
  - perl-list-moreutils=0.428=pl526_1
  - perl-list-moreutils-xs=0.428=pl526_0
  - perl-module-implementation=0.09=pl526_2
  - perl-module-runtime=0.016=pl526_1
  - perl-module-runtime-conflicts=0.003=pl526_0
  - perl-moo=2.003004=pl526_0
  - perl-moose=2.2011=pl526hf484d3e_1
  - perl-mro-compat=0.13=pl526_0
  - perl-package-deprecationmanager=0.17=pl526_0
  - perl-package-stash=0.38=pl526hf484d3e_1
  - perl-package-stash-xs=0.28=pl526hf484d3e_1
  - perl-parallel-forkmanager=2.02=pl526_0
  - perl-params-util=1.07=pl526h6bb024c_4
  - perl-parent=0.236=pl526_1
  - perl-pathtools=3.75=pl526h14c3975_1
  - perl-role-tiny=2.000008=pl526_0
  - perl-scalar-list-utils=1.52=pl526h516909a_0
  - perl-storable=3.15=pl526h14c3975_0
  - perl-sub-exporter=0.987=pl526_2
  - perl-sub-exporter-progressive=0.001013=pl526_0
  - perl-sub-identify=0.14=pl526h14c3975_0
  - perl-sub-install=0.928=pl526_2
  - perl-sub-name=0.21=pl526_1
  - perl-sub-quote=2.006003=pl526_1
  - perl-try-tiny=0.30=pl526_1
  - perl-xsloader=0.24=pl526_0
  - pigz=2.3.4=0
  - pip=19.2.3=py27_0
  - popt=1.16=h299ea2f_2002
  - python=2.7.15=h5a48372_1009
  - readline=8.0=hf8c457e_0
  - rsync=3.1.3=hed695b0_1002
  - setuptools=41.2.0=py27_0
  - sqlite=3.29.0=hcee41ef_1
  - tbb=2019.8=hc9558a2_0
  - tk=8.6.9=hed695b0_1003
  - wget=1.20.1=h90d6eec_0
  - wheel=0.33.6=py27_0
  - xz=5.2.4=h14c3975_1001
  - zlib=1.2.11=h516909a_1006
  - zstd=1.4.0=h3b9ef0a_0

